diff_between_tops;{0.008: 0.018623535121937967}
green_diff:{0.008: 0.018623535121937967}
diff_between_tops:{0.008: 0.019928565213968422}
green_diff:{0.008: 0.047858071777127129}
diff_between_tops:{0.008: 0.033080199379992611}
green_diff:{0.008: 0.035582613523136616}